m1 rho=-13.7281 ref='13%H2O+87%WC'
001001    8.9900e-2
001002    1.0000e-5
008016    4.5000e-2
074182    1.1420e-1
074183    6.2300e-2
074184    1.3240e-1
074186    1.2290e-1
006012    4.3270e-1
/m1
m2 rho=-7.528 ref='CuCrZr'
026054    4.82666e-02
026056    7.63944e-01
026057    1.74758e-02
026058    2.49655e-03
024050    4.16488e-03
024052    8.11668e-02
024053    9.20149e-03
024054    2.32459e-03
006012    5.26520E-03
025055    5.75567e-03
023000    6.46586e-06
023000    2.57988e-03
007014    1.68695e-03
007015    6.19691e-06
008016    3.29352e-04
008017    1.25455e-07
073181    2.62124e-04
074182    9.04794e-04
074183    4.92522e-04
074184    1.05737e-03
074186    9.85044e-04
029063    3.56780e-02
029065    1.58798e-02
040090    2.80384e-05
040091    6.09768e-06
040092    9.30985e-06
040094    9.47318e-06
040096    1.52442e-06
002003    2.10019e-11
002004    1.50014e-05
\m2
m3 rho=-2.157 ref='Beryllium'
002004    5.4569E-05
003006    6.2150E-03
003007    7.6652E-02
004009    7.2948E-01
006012    4.1948E-04
007014    1.0752E-04
007015    3.9497E-07
008016    7.7649E-02
014028    1.7924E-02
014029    9.0759E-04
014030    6.0247E-04
023000    1.9781E-04
024050    3.7893E-04
024052    7.3072E-03
024053    8.2858E-04
024054    2.0625E-04
025055    3.6689E-04
026054    4.7397E-03
026056    7.3682E-02
026057    1.6870E-03
026058    2.2493E-04
073181    3.3414E-05
074182    7.9287E-05
074183    4.3111E-05
074184    9.2552E-05
074186    8.6221E-05
\m3
m4 rho=-5.758 ref='70%EUROFER 30%Water'
001001    2.2373E-01
001002    3.3565E-05
006012    3.0751E-03
007014    7.8819E-04
007015    2.8954E-06
008016    1.1290E-01
023000    1.4501E-03
024050    2.7778E-03
024052    5.3567E-02
024053    6.0741E-03
024054    1.5120E-03
025055    2.6896E-03
026054    3.4745E-02
026056    5.4014E-01
026057    1.2367E-02
026058    1.6489E-03
073181    2.4494E-04
074182    5.8123E-04
074183    3.1603E-04
074184    6.7847E-04
074186    6.3206E-04
\m4
m5 rho=-8.94 ref='NB3SN'
029063    6.48166e-003
029065    2.88896e-003
041093    9.63801e-004
050112    2.43891e-006
050114    1.65946e-006
050115    8.54876e-007
050116    3.65585e-005
050117    1.93101e-005
050118    6.08973e-005
050119    2.15982e-005
050120    8.19172e-005
050122    1.16414e-005
050124    1.45580e-005
073181    1.23714e-004
022046    2.57138e-006
022047    2.31892e-006
022048    2.29773e-005
022049    1.68620e-006
022050    1.61452e-006
024050    6.23551e-006
024052    1.20246e-004
024053    1.36349e-005
024054    3.39401e-006
\m5
m6 rho=0.0 ref='VOID'
\m6