           3           3           5
xbounds       0.00    262.00    524.00
ybounds    -523.00   -261.00      1.00
zbounds    -523.00   -261.00      1.00    263.00    525.00
      X Cord       Y Cord       Z Cord        1        2        3        4        5     Void
  1.3100e+02  -3.9200e+02  -3.9200e+02 0.000000 0.001588 0.122950 0.094415 0.000000 0.781047
  1.3100e+02  -3.9200e+02  -1.3000e+02 0.000000 0.008806 0.304486 0.127083 0.000000 0.559625
  1.3100e+02  -3.9200e+02   1.3200e+02 0.000000 0.008673 0.305372 0.127282 0.000000 0.558673
  1.3100e+02  -3.9200e+02   3.9400e+02 0.000000 0.001464 0.119780 0.093553 0.000000 0.785203
  1.3100e+02  -1.3000e+02  -3.9200e+02 0.063026 0.011875 0.278391 0.115273 0.028760 0.502675
  1.3100e+02  -1.3000e+02  -1.3000e+02 0.064520 0.004431 0.001415 0.000000 0.028994 0.900640
  1.3100e+02  -1.3000e+02   1.3200e+02 0.064520 0.004432 0.001652 0.000000 0.028994 0.900402
  1.3100e+02  -1.3000e+02   3.9400e+02 0.062566 0.011914 0.278127 0.115299 0.028533 0.503561
  3.9300e+02  -3.9200e+02  -3.9200e+02 0.000000 0.000000 0.002902 0.012244 0.000000 0.984854
  3.9300e+02  -3.9200e+02  -1.3000e+02 0.000000 0.001535 0.122405 0.093979 0.000000 0.782081
  3.9300e+02  -3.9200e+02   1.3200e+02 0.000000 0.001512 0.120967 0.093782 0.000000 0.783739
  3.9300e+02  -3.9200e+02   3.9400e+02 0.000000 0.000000 0.002613 0.011671 0.000000 0.985716
  3.9300e+02  -1.3000e+02  -3.9200e+02 0.000000 0.001518 0.121603 0.093782 0.000000 0.783097
  3.9300e+02  -1.3000e+02  -1.3000e+02 0.000000 0.008514 0.303327 0.126435 0.000000 0.561724
  3.9300e+02  -1.3000e+02   1.3200e+02 0.000000 0.008810 0.303719 0.127052 0.000000 0.560419
  3.9300e+02  -1.3000e+02   3.9400e+02 0.000000 0.001517 0.119018 0.092545 0.000000 0.786920
